00012.png -0.46757509784041346 -0.25574871990929177 -0.6668130453184112
00103.png -0.3084820594612488 -0.4776295280082834 -0.7274525419698228
00036.png -0.8588443017924787 0.23212378430013647 -0.4224854442692141
00004.png 0.1779703143475591 0.06307717964603962 -0.6494733504214274
00018.png 0.025327063068944444 0.21658264829253088 -0.718046120779116
00040.png -0.22284189332384477 -0.8292752620246221 -0.36645797659688906
00089.png -0.24803583080537156 -0.7468349548255099 -0.3674683803157145
00096.png 0.09320401507598158 0.5542582502807909 -0.562618567829252
00047.png -0.11554354308191421 0.6811198864428455 -0.5332896332447807
00002.png 0.17356115919457854 -0.3837500791471039 -0.6755871178586668
00060.png 0.4095999859810485 0.23145981905706353 -0.2532078300569841
00007.png -0.14305527243760266 0.5618351703624238 -0.6568762815002932
00097.png -0.1065016855284577 0.6725254485304778 -0.5985082742302883
00090.png -0.053637276106689086 -0.7888338647894417 -0.37446333333586485
00015.png 0.04338265802808974 -0.3704360570041791 -0.7241933701877773
00005.png 0.12161530909697943 0.2994656695077056 -0.6535286193481188
00030.png 0.4302746993729957 0.16659485224209014 -0.4850637330753409
00107.png 0.09117948692299252 0.05756104932921201 -0.8364360945590046
00094.png 0.33948518962014596 0.12036918009864271 -0.5478615994506393
00013.png -0.344236255701361 -0.44120839422350683 -0.6648598117675315
00056.png 0.15234165502200828 -0.7304927835211167 -0.3017979833140143
00039.png -0.540985535585587 -0.6547445284758058 -0.34334029939453503
00104.png -0.11264198002019005 -0.4569168556197803 -0.7766295346458586
00026.png -0.20896691486825578 -0.8265704440075894 -0.5217419871898893
00091.png 0.22056478880817093 -0.6814111978659708 -0.4011461721305561
00019.png -0.0655855737486803 0.448288335836945 -0.7276168446388659
00020.png -0.32141967922022857 0.5457984783746074 -0.7109134553936586
00032.png 0.11344122919962463 0.7235162029950376 -0.46910665239637206
00098.png -0.36711448769122235 0.6039121175846544 -0.6097283049145223
00095.png 0.268210465189727 0.3524122084286536 -0.5591007688507384
00057.png 0.36839821167439074 -0.5998049800358112 -0.31878589738973256
00029.png 0.48766013668619546 -0.22248558455583745 -0.516437514563099
00106.png 0.08436342287104015 -0.10302541457917366 -0.8374779071661987
00031.png 0.2770668792653276 0.5108219898183959 -0.4806297825026558
00017.png 0.14076951673301863 0.041675274972229844 -0.7239899277361357
00058.png 0.5052411665993258 -0.29533402849406565 -0.30483431900215213
00050.png -0.7200292611928237 0.1800921103527364 -0.5781836858542608
00016.png 0.10610787843132102 -0.12182761473255968 -0.732808545897553
00022.png -0.7994054894088827 0.2096815183781472 -0.6174054913319397
00099.png -0.5496586789410862 0.5243856730473005 -0.6539550638100261
00048.png -0.3689010397501159 0.5985414867521489 -0.5743528419680402
00100.png -0.6892556875761706 0.22815702407089608 -0.675579863996382
00059.png 0.5168404272493825 -0.035901011474581024 -0.287224903559379
00043.png 0.5025061576668829 -0.32015141380620904 -0.4126394558998825
00003.png 0.25023217371589995 -0.12769981262753544 -0.6714871516694486
00061.png 0.3050858619879824 0.47476586272394306 -0.25100099265645404
00010.png -0.6367234675128568 0.19806272244865872 -0.6694266407628523
00037.png -0.8261580241780337 -0.08534115193935139 -0.3906944074552461
00101.png -0.5899156979653635 -0.014106165173348381 -0.7117936752424933
00105.png 0.03998079406062817 -0.32312331695253416 -0.8232984554978522
00093.png 0.4665984089887953 -0.1375822186824898 -0.54647887581426
00006.png 0.022756310106087613 0.4569884646788006 -0.6519808458182927
00051.png -0.7291037155439744 -0.11593184577086627 -0.46046312215372603
00001.png 0.04501104314615685 -0.58949179211676 -0.6816986481468188
00028.png 0.3430931432588762 -0.5284121861453012 -0.524254037034439
00049.png -0.5125698575222922 0.413691680424206 -0.6091727020262871
00045.png 0.354715285411753 0.3860640172719402 -0.41681544041375235
00011.png -0.538588173531932 -0.024629263861973685 -0.672256921539582
00014.png -0.1481753768248373 -0.5356546995348769 -0.6958579212060547
00092.png 0.4249491253706746 -0.43620265899800365 -0.49246039715631407
00027.png 0.10675743207371619 -0.795131617180785 -0.4749255862239417
00042.png 0.36018104797913275 -0.6206311080937083 -0.3892644919952948
00000.png -0.09030627169066763 -0.6509347109336305 -0.681202011513232
00021.png -0.5610416595651844 0.4319895968171075 -0.6638024964390813
00078.png 0.37882797298985726 0.2867105410882315 -0.2396182381393577
00044.png 0.47365880610114225 0.06284351490247533 -0.3832343578590045
00033.png -0.0961262733105585 0.799427798304996 -0.4383631642798914
00102.png -0.4736366536490147 -0.27610421514224764 -0.7171353274164695
00046.png 0.1547398209504003 0.6492276428551638 -0.4772536310833557
00077.png 0.4470464912538185 -0.0005012817502283683 -0.2476391221652703
